2260597567653904 34695806976 134217728
2260597567653892 34695806976 134217728
2260597567655944 34695806976 134217728
2260597567660040 34695806976 134217728
2260597567652872 34695806976 134217728
2260597567652360 34695806976 134217728
2260601845843976 34695806976 134217728
2260597550942216 34695806976 134217728
2260606124034056 34695806976 134217728
2262796557355016 34695806976 134217728
2260597534230536 34695806976 134217728
2260597534099976 34695806976 134217728
2260734469736456 34695806976 134217728
2295781402871816 34695806976 134217728
2260597032880136 34695806976 134217728
2260597030791176 34695806976 134217728
2260871371819016 34695806976 134217728
2260596498106376 34695806976 134217728
2269393660676104 34695806976 134217728
2286985846720520 34695806976 134217728
2256199521142792 34695806976 134217728
2254000497887240 34695806976 134217728
4512397381339144 34695806976 134217728
1134697660811272 34695806976 134217728
