2260597567653904 34696331264 134217728
2260597567653904 34695544832 134217728
2260597567653904 51808567296 134217728
2260597567653904 34628960256 134217728
2260597567653904 34628698116 134217728
2260597567653904 103146848256 134217728
2260597567653904 34428420096 134217728
2260597567653904 69055545344 134217728
2260597567653904 17515937792 134217728
2260597567653892 34696331264 134217728
2260597567653892 34695544832 134217728
2260597567653892 51808567296 134217728
2260597567653892 34628960256 134217728
2260597567653892 103146848256 134217728
2260597567653892 34428420096 134217728
2260597567653892 34427371536 134217728
2260597567653892 69055545344 134217728
2260597567653892 17515937792 134217728
2260597567655944 34696331264 134217728
2260597567655944 34695544832 134217728
2260597567655944 34695284736 134217728
2260597567655944 51808567296 134217728
2260597567655944 34628960256 134217728
2260597567655944 34628699136 134217728
2260597567655944 103146848256 134217728
2260597567655944 69055545344 134217728
2260597567655944 17515937792 134217728
2260597567660040 34696331264 134217728
2260597567660040 34697379840 134217728
2260597567660040 34695544832 134217728
2260597567660040 34695284736 134217728
2260597567660040 51808567296 134217728
2260597567660040 34628960256 134217728
2260597567660040 34628699136 134217728
2260597567660040 103146848256 134217728
2260597567660040 34428420096 134217728
2260597567660040 69055545344 134217728
2260597567660040 17515937792 134217728
2260597567652872 34696331264 134217728
2260597567652872 34695544832 134217728
2260597567652872 34695284736 134217728
2260597567652872 51808567296 134217728
2260597567652872 103146848256 134217728
2260597567652872 34428420096 134217728
2260597567652872 34427375616 134217728
2260597567652872 69055545344 134217728
2260597567652872 17515937792 134217728
2260597567652360 34696331264 134217728
2260597567652360 34695544832 134217728
2260597567652360 34695413760 134217728
2260597567652360 34695284736 134217728
2260597567652360 51808567296 134217728
2260597567652360 34628960256 134217728
2260597567652360 103146848256 134217728
2260597567652360 34428420096 134217728
2260597567652360 34427375616 134217728
2260597567652360 69055545344 134217728
2260597567652360 17515937792 134217728
2260601845843976 34696331264 134217728
2260601845843976 34695544832 134217728
2260601845843976 34695348224 134217728
2260601845843976 51808567296 134217728
2260601845843976 34628960256 134217728
2260601845843976 103146848256 134217728
2260601845843976 34428420096 134217728
2260601845843976 69055545344 134217728
2260601845843976 17515937792 134217728
2260597550942216 34696331264 134217728
2260597550942216 34695544832 134217728
2260597550942216 51808567296 134217728
2260597550942216 34628960256 134217728
2260597550942216 103146848256 134217728
2260597550942216 34428420096 134217728
2260597550942216 69055545344 134217728
2260597550942216 17515937792 134217728
2260597550942216 4631035904 134217728
2260606124034056 34696331264 134217728
2260606124034056 34695544832 134217728
2260606124034056 34695413760 134217728
2260606124034056 34662252544 134217728
2260606124034056 51808567296 134217728
2260606124034056 34628960256 134217728
2260606124034056 103146848256 134217728
2260606124034056 34428420096 134217728
2260606124034056 69055545344 134217728
2262796557355016 34696331264 134217728
2262796557355016 34695544832 134217728
2262796557355016 34695413760 134217728
2262796557355016 34662252544 134217728
2262796557355016 51808567296 134217728
2262796557355016 4432675209216 134217728
2262796557355016 34628960256 134217728
2262796557355016 103146848256 134217728
2262796557355016 34428420096 134217728
2262796557355016 69055545344 134217728
2262796557355016 17515937792 134217728
2260597534230536 34696331264 134217728
2260597534230536 34662252544 134217728
2260597534230536 51808567296 134217728
2260597534230536 34628960256 134217728
2260597534230536 103146848256 134217728
2260597534230536 34428420096 134217728
2260597534230536 69055545344 134217728
2260597534230536 17515937792 134217728
2260597534230536 8926003200 134217728
2260597534099976 34696331264 134217728
2260597534099976 34695544832 134217728
2260597534099976 34662252544 134217728
2260597534099976 51808567296 134217728
2260597534099976 34628960256 134217728
2260597534099976 34628699136 134217728
2260597534099976 103146848256 134217728
2260597534099976 34428420096 134217728
2260597534099976 69055545344 134217728
2260597534099976 17515937792 134217728
2260597534099976 8926003200 134217728
2260734469736456 34696331264 134217728
2260734469736456 34697379840 134217728
2260734469736456 34695544832 134217728
2260734469736456 51808567296 134217728
2260734469736456 34628960256 134217728
2260734469736456 34964242432 134217728
2260734469736456 103146848256 134217728
2260734469736456 34428420096 134217728
2260734469736456 17515937792 134217728
2295781402871816 34696331264 134217728
2295781402871816 34697379840 134217728
2295781402871816 34695544832 134217728
2295781402871816 51808567296 134217728
2295781402871816 34628960256 134217728
2295781402871816 34964242432 134217728
2295781402871816 103146848256 134217728
2295781402871816 17626613415936 134217728
2295781402871816 34428420096 134217728
2295781402871816 69055545344 134217728
2295781402871816 17515937792 134217728
2260597032880136 34695544832 134217728
2260597032880136 51808567296 134217728
2260597032880136 34628960256 134217728
2260597032880136 34964242432 134217728
2260597032880136 103146848256 134217728
2260597032880136 34428420096 134217728
2260597032880136 69055545344 134217728
2260597032880136 137775022080 134217728
2260597032880136 17515937792 134217728
2260597030791176 34696331264 134217728
2260597030791176 34695544832 134217728
2260597030791176 51808567296 134217728
2260597030791176 34628960256 134217728
2260597030791176 34964242432 134217728
2260597030791176 103146848256 134217728
2260597030791176 34428420096 134217728
2260597030791176 34427375616 134217728
2260597030791176 69055545344 134217728
2260597030791176 137775022080 134217728
2260597030791176 17515937792 134217728
2260871371819016 34696331264 134217728
2260871371819016 34699476992 134217728
2260871371819016 34695544832 134217728
2260871371819016 51808567296 134217728
2260871371819016 34628960256 134217728
2260871371819016 103146848256 134217728
2260871371819016 34428420096 134217728
2260871371819016 69055545344 134217728
2260871371819016 17515937792 134217728
2260596498106376 34696331264 134217728
2260596498106376 34695544832 134217728
2260596498106376 51808567296 134217728
2260596498106376 34628960256 134217728
2260596498106376 103146848256 134217728
2260596498106376 34428420096 134217728
2260596498106376 69055545344 134217728
2260596498106376 275213975552 134217728
2260596498106376 17515937792 134217728
2269393660676104 34696331264 134217728
2269393660676104 34695544832 134217728
2269393660676104 51808567296 134217728
2269393660676104 4432675209216 134217728
2269393660676104 34628960256 134217728
2269393660676104 34428420096 134217728
2269393660676104 69055545344 134217728
2269393660676104 17515937792 134217728
2269393660676104 8796429090816 134217728
2286985846720520 34696331264 134217728
2286985846720520 34695544832 134217728
2286985846720520 51808567296 134217728
2286985846720520 4432675209216 134217728
2286985846720520 34628960256 134217728
2286985846720520 103146848256 134217728
2286985846720520 34428420096 134217728
2286985846720520 69055545344 134217728
2286985846720520 137775022080 134217728
2286985846720520 17515937792 134217728
2286985846720520 8796429090816 134217728
2256199521142792 34696331264 134217728
2256199521142792 34695544832 134217728
2256199521142792 34628960256 134217728
2256199521142792 103146848256 134217728
2256199521142792 17626613415936 134217728
2256199521142792 34428420096 134217728
2256199521142792 69055545344 134217728
2256199521142792 17515937792 134217728
2256199521142792 8796429090816 134217728
2254000497887240 34696331264 134217728
2254000497887240 34695544832 134217728
2254000497887240 51808567296 134217728
2254000497887240 34628960256 134217728
2254000497887240 103146848256 134217728
2254000497887240 17626613415936 134217728
2254000497887240 34428420096 134217728
2254000497887240 69055545344 134217728
2254000497887240 17515937792 134217728
2254000497887240 8926003200 134217728
2254000497887240 8796429090816 134217728
4512397381339144 34696331264 134217728
4512397381339144 34695544832 134217728
4512397381339144 51808567296 134217728
4512397381339144 1125934535540736 134217728
4512397381339144 34628960256 134217728
4512397381339144 103146848256 134217728
4512397381339144 34428420096 134217728
4512397381339144 69055545344 134217728
4512397381339144 17515937792 134217728
1134697660811272 34696331264 134217728
1134697660811272 34695544832 134217728
1134697660811272 51808567296 134217728
1134697660811272 34628960256 134217728
1134697660811272 103146848256 134217728
1134697660811272 4503634054742016 134217728
1134697660811272 34428420096 134217728
1134697660811272 69055545344 134217728
1134697660811272 17515937792 134217728
